0.9790844 0.75421811 0.646365 0.64154653 0.77358344
1.4570672 0.628956 1.2432605 0.87513967 2.4996268
2.7247937 68.638264 6.9222379 2.0031068 3.3105053
1.2106601 1.369062 3.9005399 0.81948888 1.0722922
3.1980689 2.6927823 8.0499588 5.8637007 1.505112
0.49204893 0.76726538 2.4500556 1.189759 15.55192
0.87285857 11.30973 4.2057544 0.65479788 3.1216339
2.9443958 2.8009045 7.3292316 34.973004 0.52799267
0.16752319 0.27906969 4.2328747 1.5207905 0.89160434
1.8097307 2.1211032 2.2637179 3.8718606 2.9078176
3.4060419 1.5095006 3.5830389 1.4140742 2.5986875
1.700477 1.9633343 2.005369 2.5864939 1.0507464
1.2812146 3.1734454 1.4138107 1.5926446 1.047887
1.1259579 1.7756059 0.52749148 0.65261934 0.64992327
0.1801084 0.2460619 0.16980846 0.14347714 0.2146899
0.039347258 0.015538979 0.68172855 0.52073198 0.80820714
0.10941373 1.3538193 0.000050495835 0.25942423 1.877126
1.3325863 1.894784 1.7126072 0.48334344 0.57121527
0.4341843
